frame tid label truncated occluded alpha l t r b w3d h3d l3d x3d y3d z3d ry rx rz truncr occupr orig_label moving model color score
0 0 Car -1 -1 -1.000000 885.000000 194.000000 1237.000000 374.000000 1.531640 1.605868 3.883812 3.344534 1.605614 4.910343 -1.579115 0 0 -1 -1 -1 -1 -1 -1 1
1 0 Car -1 -1 -1.000000 873.000000 191.000000 1239.000000 374.000000 1.479769 1.616749 4.027037 3.372386 1.619394 4.909703 -1.583257 0 0 -1 -1 -1 -1 -1 -1 1
2 0 Car -1 -1 -1.000000 866.000000 190.000000 1237.000000 373.000000 1.501027 1.635461 3.990951 3.411240 1.678708 5.268722 -1.573632 0 0 -1 -1 -1 -1 -1 -1 1
3 0 Car -1 -1 -1.000000 854.000000 192.000000 1241.000000 373.000000 1.465030 1.612002 3.989158 3.392285 1.636440 5.493437 -1.605669 0 0 -1 -1 -1 -1 -1 -1 1
4 0 Car -1 -1 -1.000000 839.000000 193.000000 1241.000000 374.000000 1.497871 1.595947 3.918049 3.324641 1.676821 5.750831 -1.570090 0 0 -1 -1 -1 -1 -1 -1 1
5 0 Car -1 -1 -1.000000 837.000000 191.000000 1241.000000 374.000000 1.499147 1.578929 3.956147 3.242545 1.670736 6.061354 -1.593416 0 0 -1 -1 -1 -1 -1 -1 1
6 0 Car -1 -1 -1.000000 824.000000 193.000000 1241.000000 374.000000 1.454751 1.599639 4.023096 3.321533 1.628334 6.448863 -1.605945 0 0 -1 -1 -1 -1 -1 -1 1
7 0 Car -1 -1 -1.000000 813.000000 191.000000 1237.000000 372.000000 1.475578 1.626879 4.035064 3.274960 1.690730 6.688899 -1.578862 0 0 -1 -1 -1 -1 -1 -1 1
8 0 Car -1 -1 -1.000000 799.000000 193.000000 1211.000000 374.000000 1.478963 1.618180 3.957064 3.227058 1.672738 6.928670 -1.607681 0 0 -1 -1 -1 -1 -1 -1 1
9 0 Car -1 -1 -1.000000 791.000000 193.000000 1167.000000 373.000000 1.452600 1.629763 3.921342 3.291599 1.667426 7.296955 -1.573237 0 0 -1 -1 -1 -1 -1 -1 1
7 1 Car -1 -1 -1.000000 236.000000 180.000000 290.000000 205.000000 1.535800 1.608401 3.773488 -20.984271 1.874019 43.751915 1.535268 0 0 -1 -1 -1 -1 -1 -1 1
8 1 Car -1 -1 -1.000000 224.000000 180.000000 284.000000 206.000000 1.493512 1.590379 3.729369 -20.958364 1.888260 42.554204 1.560526 0 0 -1 -1 -1 -1 -1 -1 1
9 1 Car -1 -1 -1.000000 215.000000 179.000000 271.000000 205.000000 1.508263 1.599499 3.736627 -20.943410 1.793803 41.314338 1.563773 0 0 -1 -1 -1 -1 -1 -1 1
10 1 Car -1 -1 -1.000000 205.000000 178.000000 263.000000 204.000000 1.543607 1.628149 3.825793 -20.917177 1.660894 40.438722 1.493993 0 0 -1 -1 -1 -1 -1 -1 1
11 1 Car -1 -1 -1.000000 193.000000 178.000000 258.000000 203.000000 1.505321 1.577561 3.889701 -20.793284 1.690766 38.965332 1.503061 0 0 -1 -1 -1 -1 -1 -1 1
12 1 Car -1 -1 -1.000000 188.000000 177.000000 244.000000 205.000000 1.528924 1.608339 3.756299 -20.686418 1.667630 37.820939 1.573621 0 0 -1 -1 -1 -1 -1 -1 1
13 1 Car -1 -1 -1.000000 169.000000 179.000000 234.000000 208.000000 1.551358 1.561508 3.594311 -20.624887 1.797018 36.699652 1.552570 0 0 -1 -1 -1 -1 -1 -1 1
14 1 Car -1 -1 -1.000000 158.000000 179.000000 237.000000 212.000000 1.500146 1.600611 3.802391 -20.476998 1.892657 35.663177 1.553714 0 0 -1 -1 -1 -1 -1 -1 1
15 1 Car -1 -1 -1.000000 145.000000 182.000000 218.000000 216.000000 1.545203 1.598691 3.752795 -20.256713 1.509804 34.677378 1.548391 0 0 -1 -1 -1 -1 -1 -1 1
16 1 Car -1 -1 -1.000000 130.000000 184.000000 211.000000 217.000000 1.535012 1.584871 3.701817 -20.267716 2.025799 33.336899 1.534369 0 0 -1 -1 -1 -1 -1 -1 1
17 1 Car -1 -1 -1.000000 114.000000 183.000000 196.000000 218.000000 1.502677 1.575508 3.643684 -20.166653 1.974745 32.209084 1.541611 0 0 -1 -1 -1 -1 -1 -1 1
18 1 Car -1 -1 -1.000000 93.000000 183.000000 190.000000 220.000000 1.501267 1.580753 3.724481 -20.150928 1.966929 31.095504 1.562693 0 0 -1 -1 -1 -1 -1 -1 1
19 1 Car -1 -1 -1.000000 77.000000 184.000000 168.000000 221.000000 1.523829 1.579300 3.678763 -20.091409 1.934184 29.862085 1.562651 0 0 -1 -1 -1 -1 -1 -1 1
20 1 Car -1 -1 -1.000000 58.000000 186.000000 158.000000 224.000000 1.491027 1.580428 3.722953 -20.091843 1.949351 28.874819 1.534859 0 0 -1 -1 -1 -1 -1 -1 1
21 1 Car -1 -1 -1.000000 33.000000 185.000000 140.000000 226.000000 1.501349 1.577635 3.588163 -20.055090 1.944559 27.630796 1.543259 0 0 -1 -1 -1 -1 -1 -1 1
22 1 Car -1 -1 -1.000000 6.000000 187.000000 121.000000 229.000000 1.510289 1.594784 3.767811 -19.996951 2.037999 26.640331 1.534560 0 0 -1 -1 -1 -1 -1 -1 1
23 1 Car -1 -1 -1.000000 2.000000 188.000000 107.000000 230.000000 1.465412 1.616239 3.955118 -19.991088 1.962905 25.688817 1.544582 0 0 -1 -1 -1 -1 -1 -1 1
24 1 Car -1 -1 -1.000000 4.000000 184.000000 77.000000 231.000000 1.517900 1.593934 3.698362 -19.929287 1.510416 24.288390 1.522526 0 0 -1 -1 -1 -1 -1 -1 1
10 2 Car -1 -1 -1.000000 784.000000 191.000000 1136.000000 373.000000 1.464174 1.612915 3.941739 3.208169 1.663692 7.526475 -1.574472 0 0 -1 -1 -1 -1 -1 -1 1
11 2 Car -1 -1 -1.000000 778.000000 190.000000 1109.000000 363.000000 1.502606 1.630810 4.048518 3.166453 1.695199 7.953676 -1.614356 0 0 -1 -1 -1 -1 -1 -1 1
12 2 Car -1 -1 -1.000000 772.000000 190.000000 1082.000000 357.000000 1.466843 1.619541 3.898225 3.167499 1.662567 8.181421 -1.613307 0 0 -1 -1 -1 -1 -1 -1 1
13 2 Car -1 -1 -1.000000 769.000000 190.000000 1058.000000 348.000000 1.458663 1.624551 3.921691 3.185552 1.676747 8.547903 -1.582547 0 0 -1 -1 -1 -1 -1 -1 1
14 2 Car -1 -1 -1.000000 765.000000 187.000000 1041.000000 340.000000 1.463391 1.609087 3.914541 3.249519 1.688577 8.826505 -1.581398 0 0 -1 -1 -1 -1 -1 -1 1
15 2 Car -1 -1 -1.000000 759.000000 190.000000 1018.000000 336.000000 1.440185 1.622813 3.935901 3.233327 1.579533 9.120253 -1.587739 0 0 -1 -1 -1 -1 -1 -1 1
16 2 Car -1 -1 -1.000000 754.000000 187.000000 1002.000000 328.000000 1.476365 1.624415 4.004546 3.221087 1.645582 9.539958 -1.587553 0 0 -1 -1 -1 -1 -1 -1 1
17 2 Car -1 -1 -1.000000 754.000000 186.000000 988.000000 320.000000 1.436900 1.620594 3.987194 3.224060 1.626438 9.789225 -1.588367 0 0 -1 -1 -1 -1 -1 -1 1
18 2 Car -1 -1 -1.000000 748.000000 185.000000 969.000000 311.000000 1.468069 1.607163 3.958919 3.226507 1.643232 10.199149 -1.587719 0 0 -1 -1 -1 -1 -1 -1 1
19 2 Car -1 -1 -1.000000 745.000000 185.000000 955.000000 308.000000 1.473891 1.624001 4.019605 3.223181 1.633878 10.545494 -1.595958 0 0 -1 -1 -1 -1 -1 -1 1
20 2 Car -1 -1 -1.000000 740.000000 185.000000 941.000000 302.000000 1.472054 1.620016 3.974817 3.199328 1.657657 10.846999 -1.595363 0 0 -1 -1 -1 -1 -1 -1 1
21 2 Car -1 -1 -1.000000 735.000000 185.000000 929.000000 300.000000 1.454721 1.594899 3.948566 3.227736 1.659908 11.173684 -1.598330 0 0 -1 -1 -1 -1 -1 -1 1
22 2 Car -1 -1 -1.000000 733.000000 184.000000 919.000000 296.000000 1.449156 1.603530 3.987593 3.213382 1.612976 11.526787 -1.594428 0 0 -1 -1 -1 -1 -1 -1 1
23 2 Car -1 -1 -1.000000 728.000000 185.000000 905.000000 289.000000 1.470963 1.607685 4.024321 3.191741 1.690121 11.876516 -1.611729 0 0 -1 -1 -1 -1 -1 -1 1
24 2 Car -1 -1 -1.000000 727.000000 183.000000 896.000000 287.000000 1.447528 1.601877 4.016116 3.162406 1.501902 12.319082 -1.584383 0 0 -1 -1 -1 -1 -1 -1 1
25 2 Car -1 -1 -1.000000 721.000000 184.000000 886.000000 281.000000 1.464822 1.624193 4.038855 3.126866 1.659167 12.731137 -1.615822 0 0 -1 -1 -1 -1 -1 -1 1
26 2 Car -1 -1 -1.000000 717.000000 184.000000 874.000000 277.000000 1.458252 1.623056 3.980209 3.124636 1.631525 12.981915 -1.607474 0 0 -1 -1 -1 -1 -1 -1 1
27 2 Car -1 -1 -1.000000 714.000000 184.000000 863.000000 275.000000 1.481435 1.611824 3.938508 3.120145 1.660829 13.314938 -1.624948 0 0 -1 -1 -1 -1 -1 -1 1
28 2 Car -1 -1 -1.000000 710.000000 184.000000 852.000000 275.000000 1.499694 1.590129 3.935981 3.038286 1.543440 13.691721 -1.626777 0 0 -1 -1 -1 -1 -1 -1 1
29 2 Car -1 -1 -1.000000 704.000000 185.000000 840.000000 272.000000 1.425485 1.638970 4.101536 2.978409 1.661201 14.204876 -1.636460 0 0 -1 -1 -1 -1 -1 -1 1
30 2 Car -1 -1 -1.000000 699.000000 184.000000 833.000000 269.000000 1.480248 1.640847 4.064273 2.953073 1.711080 14.573500 -1.617386 0 0 -1 -1 -1 -1 -1 -1 1
31 2 Car -1 -1 -1.000000 693.000000 184.000000 820.000000 265.000000 1.438812 1.617471 4.016047 2.851526 1.671965 14.896105 -1.589600 0 0 -1 -1 -1 -1 -1 -1 1
32 2 Car -1 -1 -1.000000 688.000000 183.000000 809.000000 261.000000 1.462690 1.621478 4.079962 2.759249 1.648037 15.365607 -1.621089 0 0 -1 -1 -1 -1 -1 -1 1
33 2 Car -1 -1 -1.000000 680.000000 182.000000 797.000000 258.000000 1.467659 1.610078 3.914281 2.676273 1.677624 15.706072 -1.618899 0 0 -1 -1 -1 -1 -1 -1 1
34 2 Car -1 -1 -1.000000 673.000000 181.000000 786.000000 257.000000 1.425138 1.600728 3.873632 2.540149 1.663437 16.094533 -1.635896 0 0 -1 -1 -1 -1 -1 -1 1
35 2 Car -1 -1 -1.000000 668.000000 182.000000 776.000000 253.000000 1.450398 1.638633 4.048004 2.418362 1.698721 16.524953 -1.632526 0 0 -1 -1 -1 -1 -1 -1 1
36 2 Car -1 -1 -1.000000 661.000000 182.000000 766.000000 250.000000 1.453612 1.609527 4.008549 2.318947 1.631574 16.992310 -1.622594 0 0 -1 -1 -1 -1 -1 -1 1
37 2 Car -1 -1 -1.000000 653.000000 181.000000 753.000000 249.000000 1.440943 1.626851 4.065679 2.102175 1.407243 17.439959 -1.654919 0 0 -1 -1 -1 -1 -1 -1 1
38 2 Car -1 -1 -1.000000 648.000000 182.000000 743.000000 247.000000 1.429670 1.625506 4.059479 1.980318 1.617087 17.774526 -1.635797 0 0 -1 -1 -1 -1 -1 -1 1
39 2 Car -1 -1 -1.000000 639.000000 183.000000 733.000000 244.000000 1.472561 1.611583 4.014224 1.817247 1.668842 18.235983 -1.649062 0 0 -1 -1 -1 -1 -1 -1 1
40 2 Car -1 -1 -1.000000 634.000000 183.000000 723.000000 244.000000 1.427851 1.623681 3.958176 1.674610 1.604589 18.587684 -1.646712 0 0 -1 -1 -1 -1 -1 -1 1
41 2 Car -1 -1 -1.000000 627.000000 182.000000 712.000000 242.000000 1.458831 1.618001 4.055117 1.466176 1.688775 19.091247 -1.658700 0 0 -1 -1 -1 -1 -1 -1 1
42 2 Car -1 -1 -1.000000 619.000000 183.000000 703.000000 241.000000 1.420424 1.604223 3.916114 1.304624 1.701718 19.312408 -1.668814 0 0 -1 -1 -1 -1 -1 -1 1
43 2 Car -1 -1 -1.000000 613.000000 183.000000 695.000000 241.000000 1.427000 1.595128 3.925002 1.077100 1.705472 19.800832 -1.679887 0 0 -1 -1 -1 -1 -1 -1 1
44 2 Car -1 -1 -1.000000 607.000000 183.000000 686.000000 240.000000 1.476279 1.636578 4.095994 0.885056 1.732733 20.399541 -1.688987 0 0 -1 -1 -1 -1 -1 -1 1
45 2 Car -1 -1 -1.000000 599.000000 183.000000 678.000000 238.000000 1.481325 1.602792 3.899549 0.661867 1.815337 20.592228 -1.692542 0 0 -1 -1 -1 -1 -1 -1 1
46 2 Car -1 -1 -1.000000 594.000000 183.000000 670.000000 237.000000 1.410360 1.638740 3.995876 0.527756 1.688162 21.006718 -1.684776 0 0 -1 -1 -1 -1 -1 -1 1
47 2 Car -1 -1 -1.000000 591.000000 183.000000 662.000000 237.000000 1.449480 1.592780 3.842788 0.396256 1.382970 21.346368 -1.681340 0 0 -1 -1 -1 -1 -1 -1 1
48 2 Car -1 -1 -1.000000 583.000000 185.000000 654.000000 239.000000 1.417148 1.603811 3.916929 0.299116 1.531992 21.777442 -1.698551 0 0 -1 -1 -1 -1 -1 -1 1
49 2 Car -1 -1 -1.000000 580.000000 182.000000 649.000000 234.000000 1.456147 1.637734 3.955854 -0.004052 1.768146 22.196696 -1.692630 0 0 -1 -1 -1 -1 -1 -1 1
50 2 Car -1 -1 -1.000000 577.000000 181.000000 643.000000 230.000000 1.453318 1.610802 4.047555 -0.127331 1.664837 22.642472 -1.697254 0 0 -1 -1 -1 -1 -1 -1 1
51 2 Car -1 -1 -1.000000 572.000000 178.000000 638.000000 228.000000 1.446328 1.596535 4.041153 -0.268286 1.644695 22.942067 -1.705416 0 0 -1 -1 -1 -1 -1 -1 1
52 2 Car -1 -1 -1.000000 570.000000 177.000000 633.000000 226.000000 1.417312 1.571903 3.792760 -0.410758 1.587341 23.142382 -1.689642 0 0 -1 -1 -1 -1 -1 -1 1
53 2 Car -1 -1 -1.000000 567.000000 177.000000 627.000000 224.000000 1.459375 1.586361 3.916683 -0.553976 1.623848 23.600225 -1.699013 0 0 -1 -1 -1 -1 -1 -1 1
54 2 Car -1 -1 -1.000000 564.000000 180.000000 623.000000 226.000000 1.414320 1.635570 3.851116 -0.725190 1.259063 23.751242 -1.680452 0 0 -1 -1 -1 -1 -1 -1 1
55 2 Car -1 -1 -1.000000 559.000000 181.000000 618.000000 227.000000 1.431143 1.626258 3.998394 -0.830629 1.703858 24.459008 -1.688668 0 0 -1 -1 -1 -1 -1 -1 1
56 2 Car -1 -1 -1.000000 557.000000 183.000000 612.000000 227.000000 1.466043 1.646271 4.090939 -0.959027 1.770089 25.037650 -1.696056 0 0 -1 -1 -1 -1 -1 -1 1
57 2 Car -1 -1 -1.000000 555.000000 183.000000 609.000000 227.000000 1.425145 1.605357 4.013792 -1.093950 1.751641 25.176626 -1.698379 0 0 -1 -1 -1 -1 -1 -1 1
58 2 Car -1 -1 -1.000000 554.000000 182.000000 608.000000 225.000000 1.498958 1.611568 4.018187 -0.871280 1.318729 25.215899 -1.658906 0 0 -1 -1 -1 -1 -1 -1 1
59 2 Car -1 -1 -1.000000 554.000000 182.000000 604.000000 223.000000 1.461828 1.611244 4.004288 -1.278047 1.727860 25.913825 -1.685143 0 0 -1 -1 -1 -1 -1 -1 1
60 2 Car -1 -1 -1.000000 553.000000 182.000000 602.000000 223.000000 1.428180 1.588469 3.974958 -1.294676 1.727706 26.141794 -1.668155 0 0 -1 -1 -1 -1 -1 -1 1
61 2 Car -1 -1 -1.000000 553.000000 183.000000 605.000000 224.000000 1.414973 1.598023 3.967073 -1.318569 1.772322 26.540379 -1.687053 0 0 -1 -1 -1 -1 -1 -1 1
62 2 Car -1 -1 -1.000000 551.000000 182.000000 601.000000 223.000000 1.401554 1.522212 3.644206 -1.259583 1.604603 26.017595 -1.713398 0 0 -1 -1 -1 -1 -1 -1 1
63 2 Car -1 -1 -1.000000 548.000000 181.000000 612.000000 222.000000 1.425747 1.611090 3.944122 -1.401159 1.723755 27.337890 -1.625330 0 0 -1 -1 -1 -1 -1 -1 1
64 2 Car -1 -1 -1.000000 575.000000 173.000000 668.000000 258.000000 1.536180 1.639769 3.760843 0.167257 1.578497 15.768999 -1.670773 0 0 -1 -1 -1 -1 -1 -1 1
65 2 Car -1 -1 -1.000000 545.000000 183.000000 590.000000 223.000000 1.403157 1.543627 3.826649 -1.406263 1.352001 27.252305 -1.686352 0 0 -1 -1 -1 -1 -1 -1 1
66 2 Car -1 -1 -1.000000 545.000000 187.000000 594.000000 226.000000 1.486391 1.610472 3.829097 -1.554949 2.002960 28.134868 -1.664885 0 0 -1 -1 -1 -1 -1 -1 1
67 2 Car -1 -1 -1.000000 542.000000 191.000000 589.000000 227.000000 1.455744 1.592961 3.810673 -1.776961 2.042479 28.619178 -1.680415 0 0 -1 -1 -1 -1 -1 -1 1
68 2 Car -1 -1 -1.000000 543.000000 187.000000 587.000000 223.000000 1.462611 1.606750 3.948752 -1.924660 1.899125 29.107800 -1.661057 0 0 -1 -1 -1 -1 -1 -1 1
69 2 Car -1 -1 -1.000000 542.000000 180.000000 594.000000 219.000000 1.499913 1.593622 3.977894 -1.958170 1.797606 29.550529 -1.686582 0 0 -1 -1 -1 -1 -1 -1 1
70 2 Car -1 -1 -1.000000 541.000000 179.000000 593.000000 217.000000 1.535906 1.635264 4.080581 -1.910242 1.305774 29.948587 -1.632958 0 0 -1 -1 -1 -1 -1 -1 1
71 2 Car -1 -1 -1.000000 541.000000 179.000000 588.000000 217.000000 1.506343 1.588002 3.995695 -2.067110 1.622915 30.244913 -1.612266 0 0 -1 -1 -1 -1 -1 -1 1
72 2 Car -1 -1 -1.000000 553.000000 173.000000 628.000000 244.000000 1.571957 1.638903 4.096660 -0.593870 1.583714 18.581424 -1.634102 0 0 -1 -1 -1 -1 -1 -1 1
10 3 Car -1 -1 -1.000000 239.000000 173.000000 292.000000 199.000000 1.594425 1.684369 3.907755 -20.950662 1.710604 44.580305 1.604765 0 0 -1 -1 -1 -1 -1 -1 1
11 3 Car -1 -1 -1.000000 230.000000 175.000000 284.000000 200.000000 1.554478 1.552334 3.589808 -21.013753 1.585715 43.297637 1.617698 0 0 -1 -1 -1 -1 -1 -1 1
12 3 Car -1 -1 -1.000000 228.000000 177.000000 282.000000 202.000000 1.520595 1.568772 3.639021 -20.863635 1.723050 42.145761 1.611170 0 0 -1 -1 -1 -1 -1 -1 1
13 3 Car -1 -1 -1.000000 205.000000 177.000000 272.000000 203.000000 1.507206 1.582442 3.647963 -20.748742 1.706979 40.956865 1.609388 0 0 -1 -1 -1 -1 -1 -1 1
14 3 Car -1 -1 -1.000000 191.000000 179.000000 268.000000 207.000000 1.585129 1.547340 3.493640 -20.585456 1.887266 39.798346 1.619495 0 0 -1 -1 -1 -1 -1 -1 1
15 3 Car -1 -1 -1.000000 190.000000 180.000000 259.000000 210.000000 1.537025 1.522091 3.484649 -20.303821 1.418311 38.814219 1.630351 0 0 -1 -1 -1 -1 -1 -1 1
16 3 Car -1 -1 -1.000000 182.000000 181.000000 250.000000 212.000000 1.562437 1.591036 3.746070 -20.343683 2.093891 37.590286 1.616270 0 0 -1 -1 -1 -1 -1 -1 1
17 3 Car -1 -1 -1.000000 175.000000 179.000000 241.000000 212.000000 1.547347 1.559312 3.616305 -20.292417 1.979272 36.463325 1.625448 0 0 -1 -1 -1 -1 -1 -1 1
18 3 Car -1 -1 -1.000000 160.000000 180.000000 230.000000 213.000000 1.518059 1.576993 3.678605 -20.222709 1.964870 35.330106 1.628650 0 0 -1 -1 -1 -1 -1 -1 1
19 3 Car -1 -1 -1.000000 148.000000 181.000000 218.000000 214.000000 1.497028 1.578587 3.735683 -20.216747 1.889605 34.254515 1.600325 0 0 -1 -1 -1 -1 -1 -1 1
20 3 Car -1 -1 -1.000000 134.000000 182.000000 206.000000 216.000000 1.506078 1.594426 3.831545 -20.216144 1.878529 33.135966 1.597821 0 0 -1 -1 -1 -1 -1 -1 1
21 3 Car -1 -1 -1.000000 119.000000 184.000000 194.000000 219.000000 1.547916 1.567673 3.691871 -20.116622 1.981229 31.934795 1.613933 0 0 -1 -1 -1 -1 -1 -1 1
22 3 Car -1 -1 -1.000000 101.000000 185.000000 182.000000 222.000000 1.487090 1.587370 3.704043 -20.060384 1.966831 30.864686 1.576145 0 0 -1 -1 -1 -1 -1 -1 1
23 3 Car -1 -1 -1.000000 84.000000 187.000000 159.000000 224.000000 1.472254 1.570630 3.633497 -20.058673 2.035711 29.550571 1.590988 0 0 -1 -1 -1 -1 -1 -1 1
24 3 Car -1 -1 -1.000000 57.000000 185.000000 145.000000 222.000000 1.475634 1.568196 3.604185 -20.029844 1.430573 28.476058 1.600665 0 0 -1 -1 -1 -1 -1 -1 1
25 3 Car -1 -1 -1.000000 61.000000 183.000000 132.000000 221.000000 1.504316 1.605678 3.810101 -20.005205 1.887492 27.585520 1.554102 0 0 -1 -1 -1 -1 -1 -1 1
26 3 Car -1 -1 -1.000000 3.000000 181.000000 114.000000 228.000000 1.522631 1.583632 3.842648 -19.991445 1.782901 26.282489 1.626625 0 0 -1 -1 -1 -1 -1 -1 1
27 3 Car -1 -1 -1.000000 0.000000 183.000000 93.000000 229.000000 1.470260 1.545340 3.588765 -19.973687 1.850182 25.142030 1.593552 0 0 -1 -1 -1 -1 -1 -1 1
28 3 Car -1 -1 -1.000000 0.000000 183.000000 71.000000 231.000000 1.493306 1.589129 3.659978 -20.077412 1.581928 24.054796 1.569532 0 0 -1 -1 -1 -1 -1 -1 1
36 11 Car -1 -1 -1.000000 833.000000 162.000000 1241.000000 375.000000 1.598048 1.614669 3.761699 3.303404 1.601253 5.818361 -1.601457 0 0 -1 -1 -1 -1 -1 -1 1
37 11 Car -1 -1 -1.000000 814.000000 162.000000 1241.000000 372.000000 1.514363 1.590856 3.691109 3.248926 1.436181 6.149152 -1.642788 0 0 -1 -1 -1 -1 -1 -1 1
38 11 Car -1 -1 -1.000000 800.000000 164.000000 1223.000000 372.000000 1.538939 1.591516 3.796898 3.190600 1.534574 6.600228 -1.640142 0 0 -1 -1 -1 -1 -1 -1 1
39 11 Car -1 -1 -1.000000 777.000000 166.000000 1172.000000 375.000000 1.554727 1.598143 3.736116 3.028542 1.538281 6.835026 -1.649991 0 0 -1 -1 -1 -1 -1 -1 1
40 11 Car -1 -1 -1.000000 770.000000 164.000000 1118.000000 374.000000 1.550128 1.601306 3.696053 2.918290 1.580282 7.201795 -1.636045 0 0 -1 -1 -1 -1 -1 -1 1
41 11 Car -1 -1 -1.000000 752.000000 164.000000 1079.000000 369.000000 1.598356 1.640919 3.941046 2.744483 1.602697 7.645779 -1.669041 0 0 -1 -1 -1 -1 -1 -1 1
42 11 Car -1 -1 -1.000000 735.000000 170.000000 1032.000000 363.000000 1.504029 1.580386 3.659194 2.550363 1.568261 7.780621 -1.657482 0 0 -1 -1 -1 -1 -1 -1 1
43 11 Car -1 -1 -1.000000 718.000000 169.000000 995.000000 354.000000 1.561883 1.582751 3.751489 2.460922 1.587612 8.221076 -1.690156 0 0 -1 -1 -1 -1 -1 -1 1
44 11 Car -1 -1 -1.000000 702.000000 171.000000 958.000000 343.000000 1.586473 1.604918 3.695567 2.329873 1.609484 8.582907 -1.692080 0 0 -1 -1 -1 -1 -1 -1 1
45 11 Car -1 -1 -1.000000 691.000000 171.000000 931.000000 338.000000 1.584186 1.623985 3.830251 2.170433 1.635581 8.914142 -1.662951 0 0 -1 -1 -1 -1 -1 -1 1
46 11 Car -1 -1 -1.000000 677.000000 170.000000 900.000000 330.000000 1.538029 1.591905 3.763333 2.039816 1.608667 9.218685 -1.685166 0 0 -1 -1 -1 -1 -1 -1 1
47 11 Car -1 -1 -1.000000 670.000000 169.000000 880.000000 321.000000 1.608421 1.609012 3.758768 1.898586 1.485694 9.593610 -1.659316 0 0 -1 -1 -1 -1 -1 -1 1
48 11 Car -1 -1 -1.000000 657.000000 172.000000 855.000000 319.000000 1.599575 1.608748 3.798590 1.766788 1.583822 9.999477 -1.654184 0 0 -1 -1 -1 -1 -1 -1 1
49 11 Car -1 -1 -1.000000 650.000000 172.000000 835.000000 312.000000 1.543636 1.615076 3.731030 1.661862 1.583863 10.239573 -1.627576 0 0 -1 -1 -1 -1 -1 -1 1
50 11 Car -1 -1 -1.000000 642.000000 168.000000 817.000000 304.000000 1.501990 1.633747 3.869592 1.529360 1.545847 10.638016 -1.676434 0 0 -1 -1 -1 -1 -1 -1 1
51 11 Car -1 -1 -1.000000 633.000000 166.000000 798.000000 295.000000 1.573414 1.596937 3.660620 1.420695 1.574684 10.895817 -1.717647 0 0 -1 -1 -1 -1 -1 -1 1
52 11 Car -1 -1 -1.000000 626.000000 166.000000 785.000000 289.000000 1.545995 1.628407 3.775781 1.303257 1.560841 11.358874 -1.671909 0 0 -1 -1 -1 -1 -1 -1 1
53 11 Car -1 -1 -1.000000 621.000000 167.000000 769.000000 287.000000 1.516874 1.616838 3.681386 1.178453 1.496434 11.613710 -1.675709 0 0 -1 -1 -1 -1 -1 -1 1
54 11 Car -1 -1 -1.000000 612.000000 167.000000 756.000000 283.000000 1.618068 1.636386 3.753180 0.990048 1.445968 11.988031 -1.649625 0 0 -1 -1 -1 -1 -1 -1 1
55 11 Car -1 -1 -1.000000 605.000000 170.000000 744.000000 279.000000 1.524185 1.600606 3.650794 0.927882 1.566595 12.368963 -1.657816 0 0 -1 -1 -1 -1 -1 -1 1
56 11 Car -1 -1 -1.000000 601.000000 171.000000 732.000000 278.000000 1.523947 1.622327 3.751662 0.842367 1.596399 12.885909 -1.690271 0 0 -1 -1 -1 -1 -1 -1 1
57 11 Car -1 -1 -1.000000 595.000000 171.000000 719.000000 276.000000 1.505314 1.598126 3.759261 0.674036 1.579333 13.127446 -1.689704 0 0 -1 -1 -1 -1 -1 -1 1
58 11 Car -1 -1 -1.000000 594.000000 169.000000 711.000000 269.000000 1.530843 1.620631 3.734546 0.579544 1.441246 13.473829 -1.699142 0 0 -1 -1 -1 -1 -1 -1 1
59 11 Car -1 -1 -1.000000 588.000000 170.000000 702.000000 268.000000 1.545163 1.628170 3.699420 0.596889 1.622430 13.930031 -1.673419 0 0 -1 -1 -1 -1 -1 -1 1
60 11 Car -1 -1 -1.000000 584.000000 172.000000 695.000000 265.000000 1.591291 1.606527 3.721961 0.465476 1.678863 14.264648 -1.697430 0 0 -1 -1 -1 -1 -1 -1 1
61 11 Car -1 -1 -1.000000 585.000000 172.000000 687.000000 263.000000 1.566825 1.598168 3.762164 0.362350 1.699924 14.742865 -1.675585 0 0 -1 -1 -1 -1 -1 -1 1
62 11 Car -1 -1 -1.000000 580.000000 173.000000 681.000000 262.000000 1.557482 1.615670 3.644590 0.207759 1.622326 14.993707 -1.698825 0 0 -1 -1 -1 -1 -1 -1 1
63 11 Car -1 -1 -1.000000 576.000000 172.000000 674.000000 260.000000 1.526289 1.613746 3.760108 0.150717 1.628948 15.311192 -1.712635 0 0 -1 -1 -1 -1 -1 -1 1
64 11 Car -1 -1 -1.000000 575.000000 173.000000 668.000000 258.000000 1.536180 1.639769 3.760843 0.167257 1.578497 15.768999 -1.670773 0 0 -1 -1 -1 -1 -1 -1 1
65 11 Car -1 -1 -1.000000 567.000000 175.000000 661.000000 258.000000 1.571721 1.646852 3.870082 0.064587 1.471411 16.216809 -1.667977 0 0 -1 -1 -1 -1 -1 -1 1
66 11 Car -1 -1 -1.000000 566.000000 179.000000 655.000000 259.000000 1.536092 1.620319 3.853376 -0.154263 1.725227 16.591975 -1.727977 0 0 -1 -1 -1 -1 -1 -1 1
67 11 Car -1 -1 -1.000000 565.000000 180.000000 649.000000 259.000000 1.529194 1.607595 3.874413 -0.184698 1.732126 16.918808 -1.701227 0 0 -1 -1 -1 -1 -1 -1 1
68 11 Car -1 -1 -1.000000 562.000000 178.000000 644.000000 253.000000 1.575401 1.598596 4.167779 -0.351381 1.716060 17.470727 -1.657033 0 0 -1 -1 -1 -1 -1 -1 1
69 11 Car -1 -1 -1.000000 556.000000 173.000000 639.000000 249.000000 1.586627 1.644047 4.152969 -0.336444 1.630682 17.656256 -1.681537 0 0 -1 -1 -1 -1 -1 -1 1
70 11 Car -1 -1 -1.000000 555.000000 170.000000 636.000000 245.000000 1.545589 1.623988 4.227790 -0.384515 1.275407 18.112940 -1.583182 0 0 -1 -1 -1 -1 -1 -1 1
71 11 Car -1 -1 -1.000000 553.000000 172.000000 630.000000 244.000000 1.596836 1.644346 3.910787 -0.511893 1.624008 18.099084 -1.633930 0 0 -1 -1 -1 -1 -1 -1 1
72 11 Car -1 -1 -1.000000 553.000000 173.000000 628.000000 244.000000 1.571957 1.638903 4.096660 -0.593870 1.583714 18.581424 -1.634102 0 0 -1 -1 -1 -1 -1 -1 1
73 11 Car -1 -1 -1.000000 551.000000 174.000000 625.000000 245.000000 1.594986 1.623204 4.219432 -0.684769 1.688727 19.004580 -1.674736 0 0 -1 -1 -1 -1 -1 -1 1
74 11 Car -1 -1 -1.000000 550.000000 175.000000 622.000000 244.000000 1.604731 1.634495 4.089385 -0.754759 1.464974 18.968067 -1.621706 0 0 -1 -1 -1 -1 -1 -1 1
75 11 Car -1 -1 -1.000000 549.000000 174.000000 621.000000 242.000000 1.600296 1.648060 4.096233 -0.748231 1.710510 19.389548 -1.641920 0 0 -1 -1 -1 -1 -1 -1 1
76 11 Car -1 -1 -1.000000 549.000000 173.000000 621.000000 239.000000 1.610701 1.629838 4.169424 -0.691637 1.451030 19.627518 -1.627969 0 0 -1 -1 -1 -1 -1 -1 1
77 11 Car -1 -1 -1.000000 549.000000 175.000000 616.000000 239.000000 1.618839 1.647956 4.283664 -0.814459 1.728782 20.042707 -1.620483 0 0 -1 -1 -1 -1 -1 -1 1
78 11 Car -1 -1 -1.000000 549.000000 177.000000 616.000000 239.000000 1.577086 1.623565 4.096194 -0.794414 1.749303 20.167421 -1.620190 0 0 -1 -1 -1 -1 -1 -1 1
79 11 Car -1 -1 -1.000000 551.000000 176.000000 616.000000 238.000000 1.587595 1.625754 4.024483 -0.842646 1.694165 20.279287 -1.641270 0 0 -1 -1 -1 -1 -1 -1 1
80 11 Car -1 -1 -1.000000 549.000000 175.000000 617.000000 238.000000 1.607556 1.639999 4.220896 -0.773308 1.708619 20.815348 -1.612726 0 0 -1 -1 -1 -1 -1 -1 1
81 11 Car -1 -1 -1.000000 551.000000 174.000000 617.000000 235.000000 1.575505 1.635730 4.114245 -0.824497 1.671879 20.856677 -1.631187 0 0 -1 -1 -1 -1 -1 -1 1
82 11 Car -1 -1 -1.000000 555.000000 175.000000 617.000000 237.000000 1.599930 1.638597 4.248158 -0.772106 1.725070 21.280850 -1.609311 0 0 -1 -1 -1 -1 -1 -1 1
83 11 Car -1 -1 -1.000000 556.000000 177.000000 617.000000 237.000000 1.580500 1.634409 4.262281 -0.618017 1.481103 21.444330 -1.602782 0 0 -1 -1 -1 -1 -1 -1 1
84 11 Car -1 -1 -1.000000 558.000000 174.000000 618.000000 237.000000 1.591698 1.631603 4.196934 -0.610093 1.735436 21.738633 -1.596884 0 0 -1 -1 -1 -1 -1 -1 1
85 11 Car -1 -1 -1.000000 557.000000 173.000000 619.000000 234.000000 1.578030 1.634793 4.009546 -0.669643 1.674876 21.749247 -1.613539 0 0 -1 -1 -1 -1 -1 -1 1
86 11 Car -1 -1 -1.000000 558.000000 173.000000 618.000000 231.000000 1.596774 1.648109 4.241959 -0.664584 1.684726 22.292966 -1.590720 0 0 -1 -1 -1 -1 -1 -1 1
87 11 Car -1 -1 -1.000000 560.000000 172.000000 619.000000 230.000000 1.579436 1.616394 4.214338 -0.687193 1.649662 22.521491 -1.603786 0 0 -1 -1 -1 -1 -1 -1 1
88 11 Car -1 -1 -1.000000 561.000000 174.000000 618.000000 230.000000 1.630730 1.648141 4.179096 -0.671778 1.667031 22.727016 -1.608419 0 0 -1 -1 -1 -1 -1 -1 1
89 11 Car -1 -1 -1.000000 561.000000 173.000000 619.000000 229.000000 1.551004 1.649303 3.813357 -0.716344 1.594508 22.751180 -1.596633 0 0 -1 -1 -1 -1 -1 -1 1
90 11 Car -1 -1 -1.000000 561.000000 173.000000 619.000000 229.000000 1.594883 1.644088 4.324493 -0.666722 1.627432 23.349209 -1.588974 0 0 -1 -1 -1 -1 -1 -1 1
91 11 Car -1 -1 -1.000000 562.000000 174.000000 619.000000 227.000000 1.603604 1.621550 4.012717 -0.600645 1.691717 23.396168 -1.578977 0 0 -1 -1 -1 -1 -1 -1 1
92 11 Car -1 -1 -1.000000 563.000000 174.000000 619.000000 228.000000 1.603014 1.646848 4.199709 -0.639079 1.683439 23.786060 -1.596107 0 0 -1 -1 -1 -1 -1 -1 1
93 11 Car -1 -1 -1.000000 563.000000 174.000000 618.000000 227.000000 1.570418 1.636800 4.001206 -0.617168 1.692697 24.008097 -1.600519 0 0 -1 -1 -1 -1 -1 -1 1
94 11 Car -1 -1 -1.000000 564.000000 175.000000 618.000000 226.000000 1.579619 1.628196 4.247017 -0.582784 1.687137 24.374749 -1.595448 0 0 -1 -1 -1 -1 -1 -1 1
95 11 Car -1 -1 -1.000000 563.000000 173.000000 618.000000 225.000000 1.562655 1.639811 3.949200 -0.710341 1.606082 24.420255 -1.617446 0 0 -1 -1 -1 -1 -1 -1 1
96 11 Car -1 -1 -1.000000 564.000000 172.000000 618.000000 225.000000 1.575342 1.623312 4.196359 -0.658962 1.611004 24.839601 -1.602674 0 0 -1 -1 -1 -1 -1 -1 1
97 11 Car -1 -1 -1.000000 565.000000 170.000000 617.000000 221.000000 1.555214 1.627984 3.866665 -0.741709 1.546759 25.104607 -1.595860 0 0 -1 -1 -1 -1 -1 -1 1
98 11 Car -1 -1 -1.000000 565.000000 171.000000 617.000000 221.000000 1.596972 1.616656 4.127846 -0.632355 1.124462 25.429147 -1.580871 0 0 -1 -1 -1 -1 -1 -1 1
99 11 Car -1 -1 -1.000000 566.000000 171.000000 617.000000 223.000000 1.585011 1.604767 4.222044 -0.603625 1.715969 25.787645 -1.584933 0 0 -1 -1 -1 -1 -1 -1 1
100 11 Car -1 -1 -1.000000 567.000000 175.000000 617.000000 226.000000 1.596333 1.650994 4.354613 -0.603103 1.759203 26.282993 -1.592770 0 0 -1 -1 -1 -1 -1 -1 1
101 11 Car -1 -1 -1.000000 568.000000 176.000000 617.000000 225.000000 1.584106 1.677185 4.007852 -0.561912 1.848380 26.350045 -1.595047 0 0 -1 -1 -1 -1 -1 -1 1
102 11 Car -1 -1 -1.000000 567.000000 177.000000 618.000000 226.000000 1.611558 1.642766 4.349280 -0.636499 1.813154 26.892464 -1.594755 0 0 -1 -1 -1 -1 -1 -1 1
103 11 Car -1 -1 -1.000000 569.000000 177.000000 618.000000 226.000000 1.616132 1.634551 4.335446 -0.651033 1.462432 27.098692 -1.583633 0 0 -1 -1 -1 -1 -1 -1 1
104 11 Car -1 -1 -1.000000 571.000000 177.000000 619.000000 224.000000 1.591517 1.640599 4.103547 -0.666271 1.823583 27.280882 -1.591205 0 0 -1 -1 -1 -1 -1 -1 1
105 11 Car -1 -1 -1.000000 571.000000 177.000000 617.000000 223.000000 1.560809 1.640719 3.889613 -0.580814 1.802600 27.584354 -1.570078 0 0 -1 -1 -1 -1 -1 -1 1
106 11 Car -1 -1 -1.000000 570.000000 175.000000 618.000000 221.000000 1.580437 1.628602 4.183774 -0.594168 1.731297 27.987327 -1.584492 0 0 -1 -1 -1 -1 -1 -1 1
107 11 Car -1 -1 -1.000000 573.000000 176.000000 618.000000 221.000000 1.612914 1.635419 4.265270 -0.550281 1.762971 28.433918 -1.585636 0 0 -1 -1 -1 -1 -1 -1 1
108 11 Car -1 -1 -1.000000 573.000000 177.000000 617.000000 221.000000 1.573051 1.639249 3.953506 -0.557030 1.743105 28.595101 -1.592872 0 0 -1 -1 -1 -1 -1 -1 1
109 11 Car -1 -1 -1.000000 573.000000 176.000000 617.000000 220.000000 1.566908 1.626118 4.345401 -0.557977 1.405902 29.109797 -1.589404 0 0 -1 -1 -1 -1 -1 -1 1
110 11 Car -1 -1 -1.000000 575.000000 176.000000 618.000000 220.000000 1.577074 1.621828 4.101768 -0.597089 1.784363 29.304047 -1.592602 0 0 -1 -1 -1 -1 -1 -1 1
111 11 Car -1 -1 -1.000000 575.000000 177.000000 618.000000 219.000000 1.592888 1.650065 4.048251 -0.592256 1.827358 29.621820 -1.579054 0 0 -1 -1 -1 -1 -1 -1 1
112 11 Car -1 -1 -1.000000 575.000000 178.000000 618.000000 220.000000 1.617904 1.632574 4.325727 -0.549314 1.880941 30.154924 -1.587809 0 0 -1 -1 -1 -1 -1 -1 1
113 11 Car -1 -1 -1.000000 577.000000 180.000000 619.000000 221.000000 1.538745 1.619748 4.102700 -0.502996 1.917008 30.241355 -1.580558 0 0 -1 -1 -1 -1 -1 -1 1
114 11 Car -1 -1 -1.000000 577.000000 183.000000 619.000000 221.000000 1.651053 1.634488 4.228656 -0.477062 1.918583 30.716022 -1.585510 0 0 -1 -1 -1 -1 -1 -1 1
115 11 Car -1 -1 -1.000000 578.000000 182.000000 619.000000 221.000000 1.611223 1.620341 4.069307 -0.471579 1.989850 30.900601 -1.576485 0 0 -1 -1 -1 -1 -1 -1 1
116 11 Car -1 -1 -1.000000 579.000000 180.000000 619.000000 219.000000 1.541458 1.628055 4.085734 -0.536463 1.876879 31.181051 -1.587684 0 0 -1 -1 -1 -1 -1 -1 1
117 11 Car -1 -1 -1.000000 579.000000 178.000000 620.000000 216.000000 1.585580 1.637602 4.170744 -0.434934 1.793137 31.644157 -1.582880 0 0 -1 -1 -1 -1 -1 -1 1
118 11 Car -1 -1 -1.000000 580.000000 176.000000 619.000000 215.000000 1.613457 1.634744 4.306039 -0.208630 1.397586 32.049957 -1.570046 0 0 -1 -1 -1 -1 -1 -1 1
119 11 Car -1 -1 -1.000000 580.000000 178.000000 618.000000 216.000000 1.607573 1.631321 4.239958 -0.434374 1.858948 32.195504 -1.572149 0 0 -1 -1 -1 -1 -1 -1 1
120 11 Car -1 -1 -1.000000 580.000000 180.000000 620.000000 218.000000 1.554982 1.646048 4.261849 -0.404615 1.898197 32.378027 -1.587117 0 0 -1 -1 -1 -1 -1 -1 1
121 11 Car -1 -1 -1.000000 581.000000 180.000000 619.000000 219.000000 1.543179 1.634976 4.014557 -0.435592 2.101382 32.429144 -1.577793 0 0 -1 -1 -1 -1 -1 -1 1
122 11 Car -1 -1 -1.000000 581.000000 179.000000 619.000000 217.000000 1.576062 1.643965 4.221526 -0.386101 1.905786 32.805316 -1.585778 0 0 -1 -1 -1 -1 -1 -1 1
123 11 Car -1 -1 -1.000000 582.000000 179.000000 620.000000 215.000000 1.612865 1.650448 4.257672 -0.423903 1.833713 33.190477 -1.585189 0 0 -1 -1 -1 -1 -1 -1 1
124 11 Car -1 -1 -1.000000 580.000000 178.000000 619.000000 216.000000 1.577012 1.637059 4.149867 -0.474804 1.382693 33.188432 -1.587777 0 0 -1 -1 -1 -1 -1 -1 1
59 13 Car -1 -1 -1.000000 154.000000 179.000000 223.000000 209.000000 1.648915 1.587231 3.885662 -25.822125 2.291060 44.294684 1.557394 0 0 -1 -1 -1 -1 -1 -1 1
68 13 Car -1 -1 -1.000000 53.000000 188.000000 138.000000 222.000000 1.489490 1.584532 3.906774 -24.785994 2.339320 34.684776 1.517691 0 0 -1 -1 -1 -1 -1 -1 1
69 13 Car -1 -1 -1.000000 36.000000 182.000000 124.000000 218.000000 1.480432 1.558536 3.879063 -24.675390 2.042050 33.671559 1.496042 0 0 -1 -1 -1 -1 -1 -1 1
70 13 Car -1 -1 -1.000000 16.000000 179.000000 109.000000 215.000000 1.512165 1.588194 3.813765 -24.630053 1.495224 32.547175 1.526864 0 0 -1 -1 -1 -1 -1 -1 1
71 13 Car -1 -1 -1.000000 7.000000 180.000000 97.000000 218.000000 1.509492 1.587903 3.807822 -24.468218 1.922608 31.523574 1.513687 0 0 -1 -1 -1 -1 -1 -1 1
72 13 Car -1 -1 -1.000000 1.000000 180.000000 79.000000 219.000000 1.495370 1.590769 3.688381 -24.397500 1.991928 30.286971 1.492568 0 0 -1 -1 -1 -1 -1 -1 1
73 13 Car -1 -1 -1.000000 0.000000 179.000000 60.000000 222.000000 1.488308 1.640779 3.880968 -24.443168 1.950090 29.382083 1.574685 0 0 -1 -1 -1 -1 -1 -1 1
64 14 Car -1 -1 -1.000000 189.000000 178.000000 246.000000 203.000000 1.680817 1.616525 3.955630 -25.891067 2.052412 47.824832 1.440737 0 0 -1 -1 -1 -1 -1 -1 1
66 14 Car -1 -1 -1.000000 173.000000 185.000000 233.000000 211.000000 1.607688 1.622994 3.862482 -25.787473 2.351630 45.766212 1.479381 0 0 -1 -1 -1 -1 -1 -1 1
67 14 Car -1 -1 -1.000000 163.000000 187.000000 225.000000 213.000000 1.590450 1.662624 4.052388 -25.811662 2.527908 44.584514 1.408729 0 0 -1 -1 -1 -1 -1 -1 1
68 14 Car -1 -1 -1.000000 152.000000 184.000000 216.000000 211.000000 1.611063 1.634602 3.947863 -25.820743 2.334866 43.288115 1.134042 0 0 -1 -1 -1 -1 -1 -1 1
69 14 Car -1 -1 -1.000000 141.000000 179.000000 208.000000 208.000000 1.558273 1.587767 3.964587 -25.445068 2.001010 42.506862 1.421951 0 0 -1 -1 -1 -1 -1 -1 1
70 14 Car -1 -1 -1.000000 130.000000 173.000000 203.000000 204.000000 1.513033 1.684891 4.132060 -25.464712 1.264073 41.371851 1.432162 0 0 -1 -1 -1 -1 -1 -1 1
71 14 Car -1 -1 -1.000000 119.000000 174.000000 193.000000 205.000000 1.566404 1.676467 4.067533 -25.401849 1.691637 40.378591 1.406731 0 0 -1 -1 -1 -1 -1 -1 1
72 14 Car -1 -1 -1.000000 104.000000 178.000000 180.000000 207.000000 1.522787 1.616257 4.066158 -25.082374 1.875525 39.204114 1.467237 0 0 -1 -1 -1 -1 -1 -1 1
73 14 Car -1 -1 -1.000000 107.000000 179.000000 174.000000 210.000000 1.547697 1.623786 3.926994 -25.065391 2.207812 38.511470 1.474361 0 0 -1 -1 -1 -1 -1 -1 1
74 14 Car -1 -1 -1.000000 76.000000 179.000000 164.000000 212.000000 1.515293 1.613956 3.972991 -24.953228 1.488285 36.959167 1.490033 0 0 -1 -1 -1 -1 -1 -1 1
75 14 Car -1 -1 -1.000000 65.000000 177.000000 156.000000 211.000000 1.540417 1.641771 4.199053 -24.770830 1.922079 36.070230 1.476335 0 0 -1 -1 -1 -1 -1 -1 1
76 14 Car -1 -1 -1.000000 49.000000 177.000000 146.000000 211.000000 1.529787 1.648732 4.087740 -24.444398 1.441628 35.046884 1.483745 0 0 -1 -1 -1 -1 -1 -1 1
77 14 Car -1 -1 -1.000000 35.000000 176.000000 135.000000 213.000000 1.512608 1.630106 3.929545 -24.464815 1.833056 33.747473 1.509599 0 0 -1 -1 -1 -1 -1 -1 1
78 14 Car -1 -1 -1.000000 17.000000 176.000000 124.000000 215.000000 1.543318 1.630356 4.153912 -24.382346 1.817830 32.763633 1.534364 0 0 -1 -1 -1 -1 -1 -1 1
79 14 Car -1 -1 -1.000000 0.000000 175.000000 112.000000 215.000000 1.556690 1.672314 4.122517 -24.163418 1.721348 31.667155 1.510952 0 0 -1 -1 -1 -1 -1 -1 1
80 14 Car -1 -1 -1.000000 0.000000 173.000000 97.000000 215.000000 1.552978 1.656000 4.115427 -24.000012 1.730450 30.598062 1.505016 0 0 -1 -1 -1 -1 -1 -1 1
81 14 Car -1 -1 -1.000000 0.000000 172.000000 85.000000 214.000000 1.631622 1.663249 4.110446 -23.876121 1.647419 29.641878 1.497386 0 0 -1 -1 -1 -1 -1 -1 1
82 14 Car -1 -1 -1.000000 0.000000 173.000000 74.000000 214.000000 1.559094 1.669402 4.153442 -23.777727 1.608936 28.479739 1.521270 0 0 -1 -1 -1 -1 -1 -1 1
83 14 Car -1 -1 -1.000000 0.000000 173.000000 55.000000 215.000000 1.522056 1.644890 3.983341 -23.517819 1.168221 27.797954 1.557633 0 0 -1 -1 -1 -1 -1 -1 1
104 22 Car -1 -1 -1.000000 230.000000 176.000000 290.000000 202.000000 1.535844 1.632246 3.836122 -24.120905 2.199044 48.346926 -2.635588 0 0 -1 -1 -1 -1 -1 -1 1
108 22 Car -1 -1 -1.000000 184.000000 175.000000 252.000000 202.000000 1.556000 1.654510 3.878931 -24.031553 1.948685 43.495462 1.154141 0 0 -1 -1 -1 -1 -1 -1 1
109 22 Car -1 -1 -1.000000 174.000000 176.000000 242.000000 203.000000 1.609543 1.657031 3.851875 -24.096373 1.330303 42.227079 1.147629 0 0 -1 -1 -1 -1 -1 -1 1
110 22 Car -1 -1 -1.000000 163.000000 176.000000 232.000000 203.000000 1.502249 1.576324 3.824945 -23.961370 1.701010 41.087926 1.541508 0 0 -1 -1 -1 -1 -1 -1 1
111 22 Car -1 -1 -1.000000 149.000000 176.000000 223.000000 205.000000 1.503603 1.556526 3.784999 -23.510507 1.725857 39.930102 1.576585 0 0 -1 -1 -1 -1 -1 -1 1
112 22 Car -1 -1 -1.000000 135.000000 177.000000 214.000000 206.000000 1.502213 1.644734 3.937618 -23.902258 1.798826 38.799661 1.385000 0 0 -1 -1 -1 -1 -1 -1 1
113 22 Car -1 -1 -1.000000 122.000000 179.000000 200.000000 210.000000 1.532305 1.585578 3.980175 -23.265367 1.978062 37.630144 1.584236 0 0 -1 -1 -1 -1 -1 -1 1
114 22 Car -1 -1 -1.000000 100.000000 180.000000 188.000000 212.000000 1.519913 1.569058 3.808179 -23.337686 2.015836 36.280827 1.595734 0 0 -1 -1 -1 -1 -1 -1 1
115 22 Car -1 -1 -1.000000 82.000000 179.000000 171.000000 213.000000 1.528750 1.584992 4.028642 -23.434807 1.921221 35.137030 1.600114 0 0 -1 -1 -1 -1 -1 -1 1
116 22 Car -1 -1 -1.000000 64.000000 178.000000 157.000000 212.000000 1.491853 1.557142 3.776405 -23.291320 1.875321 33.773389 1.564990 0 0 -1 -1 -1 -1 -1 -1 1
117 22 Car -1 -1 -1.000000 41.000000 176.000000 142.000000 212.000000 1.502629 1.613897 4.075392 -23.138114 1.859541 32.638423 1.597557 0 0 -1 -1 -1 -1 -1 -1 1
118 22 Car -1 -1 -1.000000 16.000000 176.000000 121.000000 212.000000 1.519595 1.569543 3.920632 -22.946646 1.313550 31.322181 1.604808 0 0 -1 -1 -1 -1 -1 -1 1
119 22 Car -1 -1 -1.000000 0.000000 176.000000 99.000000 214.000000 1.449350 1.585799 3.939181 -23.338382 1.802080 30.095092 -1.523075 0 0 -1 -1 -1 -1 -1 -1 1
120 22 Car -1 -1 -1.000000 1.000000 181.000000 80.000000 221.000000 1.506692 1.596801 3.881840 -23.069460 1.938815 28.731834 1.529736 0 0 -1 -1 -1 -1 -1 -1 1
111 24 Car -1 -1 -1.000000 212.000000 177.000000 271.000000 202.000000 1.713611 1.585669 3.954327 -23.499051 1.954800 46.445474 1.530751 0 0 -1 -1 -1 -1 -1 -1 1
112 24 Car -1 -1 -1.000000 200.000000 179.000000 262.000000 204.000000 1.617137 1.681599 4.015805 -23.510989 1.924028 45.097583 1.455030 0 0 -1 -1 -1 -1 -1 -1 1
113 24 Car -1 -1 -1.000000 190.000000 180.000000 253.000000 206.000000 1.573142 1.629609 4.062867 -23.448579 2.025920 43.779144 1.485339 0 0 -1 -1 -1 -1 -1 -1 1
114 24 Car -1 -1 -1.000000 175.000000 181.000000 244.000000 209.000000 1.513296 1.567107 3.882435 -23.329384 2.075432 42.429432 1.590436 0 0 -1 -1 -1 -1 -1 -1 1
116 24 Car -1 -1 -1.000000 147.000000 178.000000 228.000000 208.000000 1.500955 1.625177 4.079819 -23.265100 1.946995 39.994872 1.530314 0 0 -1 -1 -1 -1 -1 -1 1
117 24 Car -1 -1 -1.000000 127.000000 174.000000 214.000000 205.000000 1.639034 1.634207 4.127267 -23.293481 1.711410 38.760719 1.497177 0 0 -1 -1 -1 -1 -1 -1 1
118 24 Car -1 -1 -1.000000 119.000000 174.000000 199.000000 207.000000 1.545764 1.624157 4.165374 -23.013123 1.230274 37.552233 1.475535 0 0 -1 -1 -1 -1 -1 -1 1
119 24 Car -1 -1 -1.000000 97.000000 179.000000 188.000000 211.000000 1.486722 1.623579 4.079802 -23.262279 1.820155 36.159500 1.506226 0 0 -1 -1 -1 -1 -1 -1 1
120 24 Car -1 -1 -1.000000 74.000000 181.000000 186.000000 215.000000 1.536502 1.598190 3.849531 -23.071084 2.013445 34.691778 1.520062 0 0 -1 -1 -1 -1 -1 -1 1
122 24 Car -1 -1 -1.000000 49.000000 182.000000 144.000000 212.000000 1.460419 1.634183 4.057329 -23.344527 2.053186 31.925150 -1.560993 0 0 -1 -1 -1 -1 -1 -1 1
123 24 Car -1 -1 -1.000000 15.000000 181.000000 120.000000 216.000000 1.481051 1.611996 3.929417 -23.153082 1.946351 31.012682 1.527463 0 0 -1 -1 -1 -1 -1 -1 1
124 24 Car -1 -1 -1.000000 0.000000 179.000000 102.000000 218.000000 1.559168 1.616342 3.877784 -23.060638 1.447531 29.193024 1.515727 0 0 -1 -1 -1 -1 -1 -1 1
116 25 Car -1 -1 -1.000000 212.000000 176.000000 272.000000 203.000000 1.679955 1.622027 3.926143 -23.736271 1.964995 46.695480 1.287472 0 0 -1 -1 -1 -1 -1 -1 1
117 25 Car -1 -1 -1.000000 198.000000 172.000000 271.000000 202.000000 1.564701 1.579904 3.844494 -23.548583 1.849764 45.126112 1.547228 0 0 -1 -1 -1 -1 -1 -1 1
121 25 Car -1 -1 -1.000000 155.000000 181.000000 222.000000 211.000000 1.540866 1.617025 3.999004 -23.355369 2.074783 40.050891 1.546787 0 0 -1 -1 -1 -1 -1 -1 1
122 25 Car -1 -1 -1.000000 134.000000 181.000000 208.000000 211.000000 1.527415 1.633701 4.153198 -23.364353 2.030643 38.764591 1.524819 0 0 -1 -1 -1 -1 -1 -1 1
123 25 Car -1 -1 -1.000000 115.000000 180.000000 196.000000 211.000000 1.538747 1.657204 4.127592 -23.281095 1.951548 37.391349 1.530967 0 0 -1 -1 -1 -1 -1 -1 1
124 25 Car -1 -1 -1.000000 95.000000 179.000000 183.000000 212.000000 1.515391 1.612934 3.840894 -23.287040 1.416861 35.691627 1.577414 0 0 -1 -1 -1 -1 -1 -1 1
125 25 Car -1 -1 -1.000000 75.000000 180.000000 165.000000 214.000000 1.519506 1.627373 3.917885 -23.214885 2.004149 34.358849 1.552056 0 0 -1 -1 -1 -1 -1 -1 1
126 25 Car -1 -1 -1.000000 49.000000 181.000000 154.000000 217.000000 1.542544 1.612311 3.745116 -23.128391 1.980059 33.004340 1.544017 0 0 -1 -1 -1 -1 -1 -1 1
127 25 Car -1 -1 -1.000000 29.000000 180.000000 131.000000 218.000000 1.511615 1.610316 3.786236 -23.115975 1.880085 31.708636 1.573237 0 0 -1 -1 -1 -1 -1 -1 1
128 25 Car -1 -1 -1.000000 0.000000 181.000000 111.000000 221.000000 1.494173 1.605009 3.636226 -23.051726 1.815911 30.130562 1.543859 0 0 -1 -1 -1 -1 -1 -1 1
129 25 Car -1 -1 -1.000000 1.000000 178.000000 93.000000 219.000000 1.506137 1.642824 4.041101 -23.064659 1.828666 29.001106 1.572738 0 0 -1 -1 -1 -1 -1 -1 1
130 25 Car -1 -1 -1.000000 2.000000 180.000000 69.000000 220.000000 1.526047 1.622946 3.877164 -23.044313 1.430599 27.596274 1.577688 0 0 -1 -1 -1 -1 -1 -1 1
131 25 Car -1 -1 -1.000000 0.000000 180.000000 48.000000 220.000000 1.484117 1.643550 3.953950 -22.950357 1.757086 26.575248 1.505965 0 0 -1 -1 -1 -1 -1 -1 1
125 27 Car -1 -1 -1.000000 581.000000 180.000000 618.000000 217.000000 1.562302 1.634553 4.156263 -0.388268 1.944968 33.347970 -1.576179 0 0 -1 -1 -1 -1 -1 -1 1
126 27 Car -1 -1 -1.000000 580.000000 182.000000 619.000000 217.000000 1.541943 1.603152 3.955544 -0.414923 2.005767 33.534039 -1.589362 0 0 -1 -1 -1 -1 -1 -1 1
127 27 Car -1 -1 -1.000000 581.000000 180.000000 619.000000 214.000000 1.588556 1.639088 4.188646 -0.404522 1.859205 33.805359 -1.579662 0 0 -1 -1 -1 -1 -1 -1 1
128 27 Car -1 -1 -1.000000 581.000000 178.000000 619.000000 212.000000 1.580320 1.628098 4.153431 -0.416465 1.771905 33.887179 -1.586662 0 0 -1 -1 -1 -1 -1 -1 1
129 27 Car -1 -1 -1.000000 581.000000 176.000000 620.000000 211.000000 1.493562 1.621516 4.045032 -0.414518 1.759555 33.849028 -1.606106 0 0 -1 -1 -1 -1 -1 -1 1
130 27 Car -1 -1 -1.000000 582.000000 175.000000 621.000000 212.000000 1.502805 1.604922 3.969227 -0.391388 1.310129 33.981646 -1.579598 0 0 -1 -1 -1 -1 -1 -1 1
131 27 Car -1 -1 -1.000000 583.000000 175.000000 621.000000 211.000000 1.479476 1.611991 3.872725 -0.395065 1.790538 33.935955 -1.591829 0 0 -1 -1 -1 -1 -1 -1 1
132 27 Car -1 -1 -1.000000 584.000000 176.000000 622.000000 211.000000 1.523277 1.629964 4.141783 -0.279909 1.247293 34.410434 -1.571523 0 0 -1 -1 -1 -1 -1 -1 1
133 27 Car -1 -1 -1.000000 584.000000 176.000000 622.000000 211.000000 1.567460 1.639486 4.239714 -0.290236 1.799995 34.701114 -1.582330 0 0 -1 -1 -1 -1 -1 -1 1
134 27 Car -1 -1 -1.000000 585.000000 175.000000 624.000000 210.000000 1.524846 1.618426 4.126811 -0.146236 1.200986 34.726690 -1.567937 0 0 -1 -1 -1 -1 -1 -1 1
135 27 Car -1 -1 -1.000000 587.000000 174.000000 625.000000 209.000000 1.576217 1.635343 4.284427 -0.178533 1.674359 35.095528 -1.574298 0 0 -1 -1 -1 -1 -1 -1 1
136 27 Car -1 -1 -1.000000 587.000000 172.000000 625.000000 207.000000 1.604347 1.648080 4.224451 -0.151432 1.634912 35.112417 -1.564234 0 0 -1 -1 -1 -1 -1 -1 1
137 27 Car -1 -1 -1.000000 588.000000 169.000000 625.000000 205.000000 1.536316 1.616020 3.775321 -0.150094 1.524537 35.065571 -1.586528 0 0 -1 -1 -1 -1 -1 -1 1
138 27 Car -1 -1 -1.000000 588.000000 169.000000 626.000000 204.000000 1.575497 1.658565 4.043490 -0.160844 1.397647 35.125219 -1.583117 0 0 -1 -1 -1 -1 -1 -1 1
139 27 Car -1 -1 -1.000000 587.000000 174.000000 626.000000 209.000000 1.571560 1.642014 4.174392 -0.112111 1.637885 35.429042 -1.581053 0 0 -1 -1 -1 -1 -1 -1 1
140 27 Car -1 -1 -1.000000 588.000000 179.000000 625.000000 214.000000 1.571738 1.647874 4.095276 -0.156646 1.939061 35.448788 -1.584285 0 0 -1 -1 -1 -1 -1 -1 1
141 27 Car -1 -1 -1.000000 587.000000 180.000000 625.000000 215.000000 1.501201 1.595669 3.644535 -0.123413 1.953750 35.202149 -1.585490 0 0 -1 -1 -1 -1 -1 -1 1
142 27 Car -1 -1 -1.000000 587.000000 179.000000 625.000000 212.000000 1.570260 1.643849 4.151837 -0.212440 1.883007 35.779737 -1.566631 0 0 -1 -1 -1 -1 -1 -1 1
143 27 Car -1 -1 -1.000000 587.000000 178.000000 624.000000 212.000000 1.607914 1.651334 4.256312 -0.187514 1.900713 35.887861 -1.580519 0 0 -1 -1 -1 -1 -1 -1 1
60 -2 Car -1 -1 -1.000000 145.647440 178.604206 216.771642 211.193518 -1.000000 -1.000000 -1.000000 -1.000000 -1.000000 -1.000000 -1.000000 0 0 -1 -1 -1 -1 -1 -1 1
61 -2 Car -1 -1 -1.000000 137.612387 178.393135 208.552789 211.990955 -1.000000 -1.000000 -1.000000 -1.000000 -1.000000 -1.000000 -1.000000 0 0 -1 -1 -1 -1 -1 -1 1
65 -2 Car -1 -1 -1.000000 179.830379 181.070429 238.545753 208.390176 -1.000000 -1.000000 -1.000000 -1.000000 -1.000000 -1.000000 -1.000000 0 0 -1 -1 -1 -1 -1 -1 1
105 -2 Car -1 -1 -1.000000 219.637273 175.506569 281.857977 204.072908 -1.000000 -1.000000 -1.000000 -1.000000 -1.000000 -1.000000 -1.000000 0 0 -1 -1 -1 -1 -1 -1 1
106 -2 Car -1 -1 -1.000000 200.773979 175.075787 260.181819 203.351742 -1.000000 -1.000000 -1.000000 -1.000000 -1.000000 -1.000000 -1.000000 0 0 -1 -1 -1 -1 -1 -1 1
107 -2 Car -1 -1 -1.000000 192.680852 174.183992 259.034601 203.479875 -1.000000 -1.000000 -1.000000 -1.000000 -1.000000 -1.000000 -1.000000 0 0 -1 -1 -1 -1 -1 -1 1
121 -2 Car -1 -1 -1.000000 -40.053169 182.543999 55.359933 227.124200 -1.000000 -1.000000 -1.000000 -1.000000 -1.000000 -1.000000 -1.000000 0 0 -1 -1 -1 -1 -1 -1 1
115 -2 Car -1 -1 -1.000000 162.439311 181.212290 231.731054 211.526123 -1.000000 -1.000000 -1.000000 -1.000000 -1.000000 -1.000000 -1.000000 0 0 -1 -1 -1 -1 -1 -1 1
121 -2 Car -1 -1 -1.000000 50.302339 182.740543 157.250900 220.496522 -1.000000 -1.000000 -1.000000 -1.000000 -1.000000 -1.000000 -1.000000 0 0 -1 -1 -1 -1 -1 -1 1
118 -2 Car -1 -1 -1.000000 187.768546 174.759446 256.175189 205.513165 -1.000000 -1.000000 -1.000000 -1.000000 -1.000000 -1.000000 -1.000000 0 0 -1 -1 -1 -1 -1 -1 1
119 -2 Car -1 -1 -1.000000 175.707015 176.732184 244.458138 207.968879 -1.000000 -1.000000 -1.000000 -1.000000 -1.000000 -1.000000 -1.000000 0 0 -1 -1 -1 -1 -1 -1 1
120 -2 Car -1 -1 -1.000000 163.645485 178.704922 232.741086 210.424593 -1.000000 -1.000000 -1.000000 -1.000000 -1.000000 -1.000000 -1.000000 0 0 -1 -1 -1 -1 -1 -1 1
0 -1 Car -1 -1 -1 291 174 349 196 0 0 0 0 0 0 0 0 0 -1 -1 -1 -1 -1 -1 1
1 -1 Car -1 -1 -1 288 172 339 195 0 0 0 0 0 0 0 0 0 -1 -1 -1 -1 -1 -1 1
2 -1 Car -1 -1 -1 278 175 329 196 0 0 0 0 0 0 0 0 0 -1 -1 -1 -1 -1 -1 1
3 -1 Car -1 -1 -1 271 179 320 199 0 0 0 0 0 0 0 0 0 -1 -1 -1 -1 -1 -1 1
3 -1 Car -1 -1 -1 297 176 338 197 0 0 0 0 0 0 0 0 0 -1 -1 -1 -1 -1 -1 1
4 -1 Car -1 -1 -1 265 177 320 200 0 0 0 0 0 0 0 0 0 -1 -1 -1 -1 -1 -1 1
4 -1 Car -1 -1 -1 294 177 332 198 0 0 0 0 0 0 0 0 0 -1 -1 -1 -1 -1 -1 1
5 -1 Car -1 -1 -1 256 178 314 201 0 0 0 0 0 0 0 0 0 -1 -1 -1 -1 -1 -1 1
5 -1 Car -1 -1 -1 283 177 327 198 0 0 0 0 0 0 0 0 0 -1 -1 -1 -1 -1 -1 1
6 -1 Car -1 -1 -1 274 177 320 200 0 0 0 0 0 0 0 0 0 -1 -1 -1 -1 -1 -1 1
6 -1 Car -1 -1 -1 247 179 298 203 0 0 0 0 0 0 0 0 0 -1 -1 -1 -1 -1 -1 1
7 -1 Car -1 -1 -1 267 179 312 202 0 0 0 0 0 0 0 0 0 -1 -1 -1 -1 -1 -1 1
23 -1 Car -1 -1 -1 1143 243 1239 373 0 0 0 0 0 0 0 0 0 -1 -1 -1 -1 -1 -1 1
24 -1 Car -1 -1 -1 1102 230 1241 371 0 0 0 0 0 0 0 0 0 -1 -1 -1 -1 -1 -1 1
25 -1 Car -1 -1 -1 1073 198 1241 373 0 0 0 0 0 0 0 0 0 -1 -1 -1 -1 -1 -1 1
25 -1 Car -1 -1 -1 4 183 91 227 0 0 0 0 0 0 0 0 0 -1 -1 -1 -1 -1 -1 1
26 -1 Car -1 -1 -1 1045 186 1239 374 0 0 0 0 0 0 0 0 0 -1 -1 -1 -1 -1 -1 1
27 -1 Car -1 -1 -1 4 183 93 229 0 0 0 0 0 0 0 0 0 -1 -1 -1 -1 -1 -1 1
27 -1 Car -1 -1 -1 1016 178 1241 374 0 0 0 0 0 0 0 0 0 -1 -1 -1 -1 -1 -1 1
28 -1 Car -1 -1 -1 4 183 71 231 0 0 0 0 0 0 0 0 0 -1 -1 -1 -1 -1 -1 1
28 -1 Car -1 -1 -1 995 165 1241 374 0 0 0 0 0 0 0 0 0 -1 -1 -1 -1 -1 -1 1
29 -1 Car -1 -1 -1 980 155 1240 375 0 0 0 0 0 0 0 0 0 -1 -1 -1 -1 -1 -1 1
29 -1 Car -1 -1 -1 4 183 46 232 0 0 0 0 0 0 0 0 0 -1 -1 -1 -1 -1 -1 1
30 -1 Car -1 -1 -1 957 155 1241 373 0 0 0 0 0 0 0 0 0 -1 -1 -1 -1 -1 -1 1
31 -1 Car -1 -1 -1 937 148 1241 371 0 0 0 0 0 0 0 0 0 -1 -1 -1 -1 -1 -1 1
32 -1 Car -1 -1 -1 916 154 1239 370 0 0 0 0 0 0 0 0 0 -1 -1 -1 -1 -1 -1 1
33 -1 Car -1 -1 -1 898 162 1241 373 0 0 0 0 0 0 0 0 0 -1 -1 -1 -1 -1 -1 1
34 -1 Car -1 -1 -1 880 162 1241 372 0 0 0 0 0 0 0 0 0 -1 -1 -1 -1 -1 -1 1
35 -1 Car -1 -1 -1 855 160 1241 373 0 0 0 0 0 0 0 0 0 -1 -1 -1 -1 -1 -1 1
38 -1 Car -1 -1 -1 316 175 360 195 0 0 0 0 0 0 0 0 0 -1 -1 -1 -1 -1 -1 1
43 -1 Car -1 -1 -1 318 179 347 196 0 0 0 0 0 0 0 0 0 -1 -1 -1 -1 -1 -1 1
44 -1 Car -1 -1 -1 283 179 315 198 0 0 0 0 0 0 0 0 0 -1 -1 -1 -1 -1 -1 1
44 -1 Car -1 -1 -1 311 180 340 196 0 0 0 0 0 0 0 0 0 -1 -1 -1 -1 -1 -1 1
45 -1 Car -1 -1 -1 304 180 336 197 0 0 0 0 0 0 0 0 0 -1 -1 -1 -1 -1 -1 1
46 -1 Car -1 -1 -1 267 180 303 201 0 0 0 0 0 0 0 0 0 -1 -1 -1 -1 -1 -1 1
46 -1 Car -1 -1 -1 298 181 330 197 0 0 0 0 0 0 0 0 0 -1 -1 -1 -1 -1 -1 1
47 -1 Car -1 -1 -1 257 182 300 202 0 0 0 0 0 0 0 0 0 -1 -1 -1 -1 -1 -1 1
49 -1 Car -1 -1 -1 246 180 284 201 0 0 0 0 0 0 0 0 0 -1 -1 -1 -1 -1 -1 1
49 -1 Car -1 -1 -1 280 180 315 198 0 0 0 0 0 0 0 0 0 -1 -1 -1 -1 -1 -1 1
51 -1 Car -1 -1 -1 263 176 308 195 0 0 0 0 0 0 0 0 0 -1 -1 -1 -1 -1 -1 1
52 -1 Car -1 -1 -1 249 176 305 195 0 0 0 0 0 0 0 0 0 -1 -1 -1 -1 -1 -1 1
54 -1 Car -1 -1 -1 253 180 291 197 0 0 0 0 0 0 0 0 0 -1 -1 -1 -1 -1 -1 1
55 -1 Car -1 -1 -1 241 182 288 200 0 0 0 0 0 0 0 0 0 -1 -1 -1 -1 -1 -1 1
56 -1 Car -1 -1 -1 239 181 282 202 0 0 0 0 0 0 0 0 0 -1 -1 -1 -1 -1 -1 1
57 -1 Car -1 -1 -1 233 182 280 202 0 0 0 0 0 0 0 0 0 -1 -1 -1 -1 -1 -1 1
57 -1 Car -1 -1 -1 173 183 236 206 0 0 0 0 0 0 0 0 0 -1 -1 -1 -1 -1 -1 1
58 -1 Car -1 -1 -1 229 181 274 201 0 0 0 0 0 0 0 0 0 -1 -1 -1 -1 -1 -1 1
59 -1 Car -1 -1 -1 222 180 272 201 0 0 0 0 0 0 0 0 0 -1 -1 -1 -1 -1 -1 1
60 -1 Car -1 -1 -1 219 180 270 202 0 0 0 0 0 0 0 0 0 -1 -1 -1 -1 -1 -1 1
61 -1 Car -1 -1 -1 214 179 264 203 0 0 0 0 0 0 0 0 0 -1 -1 -1 -1 -1 -1 1
62 -1 Car -1 -1 -1 208 179 259 202 0 0 0 0 0 0 0 0 0 -1 -1 -1 -1 -1 -1 1
63 -1 Car -1 -1 -1 200 178 254 202 0 0 0 0 0 0 0 0 0 -1 -1 -1 -1 -1 -1 1
64 -1 Car -1 -1 -1 358 167 389 191 0 0 0 0 0 0 0 0 0 -1 -1 -1 -1 -1 -1 1
65 -1 Car -1 -1 -1 180 182 238 206 0 0 0 0 0 0 0 0 0 -1 -1 -1 -1 -1 -1 1
66 -1 Car -1 -1 -1 347 175 384 198 0 0 0 0 0 0 0 0 0 -1 -1 -1 -1 -1 -1 1
68 -1 Car -1 -1 -1 334 174 373 198 0 0 0 0 0 0 0 0 0 -1 -1 -1 -1 -1 -1 1
69 -1 Car -1 -1 -1 328 166 369 194 0 0 0 0 0 0 0 0 0 -1 -1 -1 -1 -1 -1 1
70 -1 Car -1 -1 -1 321 168 361 192 0 0 0 0 0 0 0 0 0 -1 -1 -1 -1 -1 -1 1
72 -1 Car -1 -1 -1 4 180 79 219 0 0 0 0 0 0 0 0 0 -1 -1 -1 -1 -1 -1 1
73 -1 Car -1 -1 -1 4 179 60 222 0 0 0 0 0 0 0 0 0 -1 -1 -1 -1 -1 -1 1
75 -1 Car -1 -1 -1 543 180 588 217 0 0 0 0 0 0 0 0 0 -1 -1 -1 -1 -1 -1 1
76 -1 Car -1 -1 -1 541 181 589 218 0 0 0 0 0 0 0 0 0 -1 -1 -1 -1 -1 -1 1
78 -1 Car -1 -1 -1 235 162 296 202 0 0 0 0 0 0 0 0 0 -1 -1 -1 -1 -1 -1 1
79 -1 Car -1 -1 -1 4 175 112 215 0 0 0 0 0 0 0 0 0 -1 -1 -1 -1 -1 -1 1
80 -1 Car -1 -1 -1 4 173 97 215 0 0 0 0 0 0 0 0 0 -1 -1 -1 -1 -1 -1 1
81 -1 Car -1 -1 -1 4 172 85 214 0 0 0 0 0 0 0 0 0 -1 -1 -1 -1 -1 -1 1
82 -1 Car -1 -1 -1 4 173 74 214 0 0 0 0 0 0 0 0 0 -1 -1 -1 -1 -1 -1 1
83 -1 Car -1 -1 -1 4 173 55 215 0 0 0 0 0 0 0 0 0 -1 -1 -1 -1 -1 -1 1
84 -1 Car -1 -1 -1 4 168 41 216 0 0 0 0 0 0 0 0 0 -1 -1 -1 -1 -1 -1 1
85 -1 Car -1 -1 -1 4 169 13 210 0 0 0 0 0 0 0 0 0 -1 -1 -1 -1 -1 -1 1
92 -1 Car -1 -1 -1 309 171 346 189 0 0 0 0 0 0 0 0 0 -1 -1 -1 -1 -1 -1 1
94 -1 Car -1 -1 -1 301 171 339 190 0 0 0 0 0 0 0 0 0 -1 -1 -1 -1 -1 -1 1
98 -1 Car -1 -1 -1 279 168 318 186 0 0 0 0 0 0 0 0 0 -1 -1 -1 -1 -1 -1 1
99 -1 Car -1 -1 -1 268 170 313 191 0 0 0 0 0 0 0 0 0 -1 -1 -1 -1 -1 -1 1
100 -1 Car -1 -1 -1 262 171 308 193 0 0 0 0 0 0 0 0 0 -1 -1 -1 -1 -1 -1 1
101 -1 Car -1 -1 -1 255 171 303 194 0 0 0 0 0 0 0 0 0 -1 -1 -1 -1 -1 -1 1
102 -1 Car -1 -1 -1 248 172 295 195 0 0 0 0 0 0 0 0 0 -1 -1 -1 -1 -1 -1 1
103 -1 Car -1 -1 -1 237 177 293 198 0 0 0 0 0 0 0 0 0 -1 -1 -1 -1 -1 -1 1
104 -1 Car -1 -1 -1 258 173 312 198 0 0 0 0 0 0 0 0 0 -1 -1 -1 -1 -1 -1 1
105 -1 Car -1 -1 -1 220 176 275 200 0 0 0 0 0 0 0 0 0 -1 -1 -1 -1 -1 -1 1
105 -1 Car -1 -1 -1 269 178 311 199 0 0 0 0 0 0 0 0 0 -1 -1 -1 -1 -1 -1 1
105 -1 Car -1 -1 -1 302 177 338 195 0 0 0 0 0 0 0 0 0 -1 -1 -1 -1 -1 -1 1
106 -1 Car -1 -1 -1 297 175 333 195 0 0 0 0 0 0 0 0 0 -1 -1 -1 -1 -1 -1 1
107 -1 Car -1 -1 -1 288 176 328 196 0 0 0 0 0 0 0 0 0 -1 -1 -1 -1 -1 -1 1
107 -1 Car -1 -1 -1 256 175 301 198 0 0 0 0 0 0 0 0 0 -1 -1 -1 -1 -1 -1 1
108 -1 Car -1 -1 -1 284 175 323 196 0 0 0 0 0 0 0 0 0 -1 -1 -1 -1 -1 -1 1
109 -1 Car -1 -1 -1 272 175 317 196 0 0 0 0 0 0 0 0 0 -1 -1 -1 -1 -1 -1 1
110 -1 Car -1 -1 -1 268 173 312 196 0 0 0 0 0 0 0 0 0 -1 -1 -1 -1 -1 -1 1
111 -1 Car -1 -1 -1 260 177 307 198 0 0 0 0 0 0 0 0 0 -1 -1 -1 -1 -1 -1 1
112 -1 Car -1 -1 -1 252 179 297 199 0 0 0 0 0 0 0 0 0 -1 -1 -1 -1 -1 -1 1
113 -1 Car -1 -1 -1 247 179 293 201 0 0 0 0 0 0 0 0 0 -1 -1 -1 -1 -1 -1 1
114 -1 Car -1 -1 -1 236 179 286 202 0 0 0 0 0 0 0 0 0 -1 -1 -1 -1 -1 -1 1
115 -1 Car -1 -1 -1 228 178 280 202 0 0 0 0 0 0 0 0 0 -1 -1 -1 -1 -1 -1 1
119 -1 Car -1 -1 -1 4 176 99 214 0 0 0 0 0 0 0 0 0 -1 -1 -1 -1 -1 -1 1
124 -1 Car -1 -1 -1 4 179 102 218 0 0 0 0 0 0 0 0 0 -1 -1 -1 -1 -1 -1 1
125 -1 Car -1 -1 -1 2 178 77 221 0 0 0 0 0 0 0 0 0 -1 -1 -1 -1 -1 -1 1
126 -1 Car -1 -1 -1 4 176 53 220 0 0 0 0 0 0 0 0 0 -1 -1 -1 -1 -1 -1 1
126 -1 Car -1 -1 -1 351 180 389 198 0 0 0 0 0 0 0 0 0 -1 -1 -1 -1 -1 -1 1
128 -1 Car -1 -1 -1 4 181 111 221 0 0 0 0 0 0 0 0 0 -1 -1 -1 -1 -1 -1 1
129 -1 Car -1 -1 -1 4 178 93 219 0 0 0 0 0 0 0 0 0 -1 -1 -1 -1 -1 -1 1
131 -1 Car -1 -1 -1 4 180 48 220 0 0 0 0 0 0 0 0 0 -1 -1 -1 -1 -1 -1 1
133 -1 Car -1 -1 -1 317 177 354 196 0 0 0 0 0 0 0 0 0 -1 -1 -1 -1 -1 -1 1
134 -1 Car -1 -1 -1 313 178 350 196 0 0 0 0 0 0 0 0 0 -1 -1 -1 -1 -1 -1 1
135 -1 Car -1 -1 -1 307 176 346 196 0 0 0 0 0 0 0 0 0 -1 -1 -1 -1 -1 -1 1
136 -1 Car -1 -1 -1 301 174 339 195 0 0 0 0 0 0 0 0 0 -1 -1 -1 -1 -1 -1 1
137 -1 Car -1 -1 -1 296 171 334 191 0 0 0 0 0 0 0 0 0 -1 -1 -1 -1 -1 -1 1
138 -1 Car -1 -1 -1 288 171 329 192 0 0 0 0 0 0 0 0 0 -1 -1 -1 -1 -1 -1 1
139 -1 Car -1 -1 -1 280 175 323 196 0 0 0 0 0 0 0 0 0 -1 -1 -1 -1 -1 -1 1
140 -1 Car -1 -1 -1 271 180 315 201 0 0 0 0 0 0 0 0 0 -1 -1 -1 -1 -1 -1 1
141 -1 Car -1 -1 -1 260 180 306 204 0 0 0 0 0 0 0 0 0 -1 -1 -1 -1 -1 -1 1
